9602_1.pkl
[0.   0.   0.15 0.   0.   0.   1.15 0.   1.   0.  ]
4043_6.pkl
[0.   0.32 1.15 0.   0.95 0.  ]
3728_4.pkl
[0.   0.89 0.   0.66 1.55 0.   0.   0.   0.   0.  ]
5024_16.pkl
[0.   0.06 1.05 0.   0.99 0.   0.   0.   0.  ]
7076_35.pkl
[1.   1.01 0.   0.01 0.   0.   0.   0.   0.  ]
3728_3.pkl
[0.   1.   0.   0.06 1.06 0.   0.   0.   0.  ]
3728_2.pkl
[0.   0.23 0.   0.87 1.1  0.   0.  ]
5720_26.pkl
[0.   1.08 0.   0.   0.08 1.   0.   0.   0.   0.   0.  ]
7229_16.pkl
[0.24 0.   0.97 0.   0.   1.21 0.  ]
9581_7.pkl
[0.   0.   0.15 0.   0.   0.   1.14 0.   0.99 0.   0.   0.  ]
4043_9.pkl
[1. 2. 0. 1. 0.]
4043_7.pkl
[0.75 1.62 0.   0.87 0.  ]
661_19.pkl
[1.   0.01 0.   1.01 0.   0.   0.   0.   0.  ]
9140_12.pkl
[1.   0.02 0.   1.02 0.   0.   0.   0.   0.   0.   0.  ]
7010_23.pkl
[0.03 0.   1.   1.03 0.   0.  ]
5024_17.pkl
[0.   0.03 1.03 0.   1.   0.   0.   0.   0.  ]
9602_2.pkl
[0.   0.   0.17 0.   0.   0.   1.17 0.   1.   0.  ]
9140_11.pkl
[1.02 0.09 0.   1.07 0.   0.   0.   0.   0.   0.   0.  ]
1303_5.pkl
[0.   0.88 1.8  0.   1.02 0.   0.   0.  ]
7229_19.pkl
[0.02 0.   1.   0.   0.   1.02 0.   0.  ]
1303_7.pkl
[1.05 2.   0.   1.05 0.   0.   0.  ]
9602_0.pkl
[0.   0.   0.13 0.   0.   0.   1.12 0.   0.99 0.  ]
5024_18.pkl
[0.   0.23 1.22 0.   0.99 0.   0.   0.   0.   0.  ]
9602_3.pkl
[0.   0.   0.05 0.   0.   0.   1.05 0.   1.   0.  ]
1303_6.pkl
[0.         0.96000004 1.8800001  0.         1.02       0.   0.         0.        ]
5024_19.pkl
[0.1 1.1 0.  1.  0.  0.  0.  0.  0. ]
4043_8.pkl
[0.99       1.88       0.         0.90999997 0.        ]
661_18.pkl
[1.   0.01 0.   0.   1.01 0.   0.   0.   0.   0.  ]
1303_8.pkl
[1.02 2.   0.   1.02 0.   0.   0.  ]
9581_8.pkl
[0.   0.   0.01 0.   0.   0.   1.01 0.   1.   0.   0.   0.  ]
7010_21.pkl
[0.   0.53 0.   0.98 1.51 0.   0.  ]
7010_19.pkl
[0.   0.4  0.   0.97 0.   1.37 0.   0.  ]
5425_5.pkl
[0.   0.98 0.   0.03 1.01 0.   0.   0.  ]
7010_22.pkl
[0.09 0.   1.   1.09 0.   0.  ]
7010_20.pkl
[0.   0.39 0.   0.99 1.38 0.   0.  ]
7229_17.pkl
[0.13 0.   1.   0.   0.   1.13 0.  ]
3728_5.pkl
[0.  1.  0.  0.1 1.1 0.  0.  0.  0.  0. ]
3728_1.pkl
[0.        0.46      0.        0.85      1.3100001 0.        0.       ]
5024_20.pkl
[0.02 1.02 0.   1.   0.   0.   0.   0.   0.  ]
1303_9.pkl
[1. 2. 0. 1. 0. 0. 0.]
4115_21.pkl
[0.   1.03 0.   0.99 0.   0.04 0.   0.   0.   0.   0.  ]